   0.0000000e+00
   5.7833652e-02
   8.1198963e-02
   8.9779423e-02
   9.4993328e-02
   9.9189991e-02
   1.0286705e-01
   1.0615445e-01
   1.0910670e-01
   1.1176057e-01
   1.1414674e-01
   1.1629230e-01
   1.1822155e-01
   1.1995629e-01
   1.2151614e-01
   1.2291872e-01
   1.2417989e-01
   1.2531391e-01
   1.2633361e-01
   1.2725049e-01
   1.2807494e-01
   1.2881627e-01
   1.2948285e-01
   1.3008224e-01
   1.3062119e-01
   1.3110580e-01
   1.3154156e-01
   1.3193338e-01
   1.3228570e-01
   1.3260250e-01
   1.3288736e-01
   1.3314350e-01
   1.3337382e-01
   1.3358092e-01
   1.3376713e-01
   1.3393458e-01
   1.3408514e-01
   1.3422052e-01
   1.3434225e-01
   1.3445171e-01
   1.3455014e-01
   1.3463864e-01
   1.3471822e-01
   1.3478977e-01
   1.3485411e-01
   1.3491197e-01
   1.3496399e-01
   1.3501076e-01
   1.3505283e-01
   1.3509065e-01
   1.3512465e-01
   1.3515523e-01
   1.3518273e-01
   1.3520745e-01
   1.3522968e-01
   1.3524967e-01
   1.3526764e-01
   1.3528381e-01
   1.3529834e-01
   1.3531141e-01
   1.3532316e-01
   1.3533372e-01
   1.3534322e-01
   1.3535177e-01
   1.3535945e-01
   1.3536635e-01
   1.3537256e-01
   1.3537815e-01
   1.3538317e-01
   1.3538768e-01
   1.3539174e-01
   1.3539539e-01
   1.3539868e-01
   1.3540163e-01
   1.3540428e-01
   1.3540667e-01
   1.3540881e-01
   1.3541074e-01
   1.3541248e-01
   1.3541404e-01
   1.3541544e-01
   1.3541670e-01
   1.3541784e-01
   1.3541886e-01
   1.3541977e-01
   1.3542060e-01
   1.3542134e-01
   1.3542201e-01
   1.3542261e-01
   1.3542315e-01
   1.3542363e-01
   1.3542407e-01
   1.3542446e-01
   1.3542481e-01
   1.3542513e-01
   1.3542541e-01
   1.3542567e-01
   1.3542590e-01
   1.3542611e-01
   1.3542629e-01